61
88
58
83
210
51
63
90
109
67
114
132
141
68
92
43
102
283
104
139
51
95
202
62
134
52
103
66
118
97
45
39
73
128
83
88
104
51
60
70
49
134
56
215
45
168
55
118
81
84
111
40
21
272
77
40
49
111
153
47
63
121
75
152
84
247
33
115
150
82
104
54
46
77
86
272
110
59
105
232
83
50
40
62
56
151
36
100
233
153
63
93
100
97
74
284
93
64
116
88
263
135
29
86
146
55
163
46
77
89
60
106
25
64
52
20
130
229
106
78
92
81
75
95
122
54
63
59
47
65
125
86
278
123
32
104
141
104
88
36
93
40
130
53
170
58
72
124
75
30
103
40
131
110
18
128
242
262
105
100
79
97
136
32
130
63
72
115
113
196
51
20
204
97
75
61
51
47
21
74
67
186
94
101
133
61
88
63
111
108
230
114
71
55
96
107
54
118
84
84
203
104
67
93
139
140
74
213
247
20
48
94
94
62
45
125
95
56
244
90
86
102
46
165
128
119
52
119
73
113
43
57
282
107
61
54
67
202
99
104
21
54
79
63
101
105
92
74
26
121
89
53
114
93
227
96
68
61
85
130
47
39
117
193
118
99
46
224
63
117
86
71
114
71
136
38
155
116
109
168
103
76
72
204
275
105
55
91
63
68
62
53
60
70
54
63
43
55
54
87
31
91
64
92
57
63
46
205
38
70
32
44
64
82
63
71
43
54
236
66
55
48
107
228
140
30
67
158
54
110
83
58
89
69
113
90
43
68
37
115
118
111
64
74
91
52
50
94
205
89
66
82
97
96
101
105
86
92
64
45
185
69
204
155
119
302
129
132
114
229
109
48
39
108
53
30
55
141
141
27
81
124
121
62
25
52
207
62
57
111
63
155
63
89
53
156
113
73
64
68
