61
121
60
110
262
51
68
94
127
72
160
169
169
85
119
46
143
374
126
173
67
101
218
69
153
52
104
70
131
132
52
39
77
220
108
115
109
52
74
97
49
298
58

45

55

106


41
21


43
64

191
48


79



33




62
46
158

355

65


96
50
40
65
57

36








373

101

94

310
29
116
266
76

72


61

25
65
93
20






76


58

73
48
65




32
113



36

40

61

58
88


30

40


18

391


123

161

32

65



303
61
20




55
62
21
82
69
187



66






103
92


54
138

110

155
92
142
235
176
85


20
48

113
73
48
182
104
129

116
116
230
52
218
224

60

74
144
43
73
552

66
64
76

111

21
56
89
70


99

26
205
182
79
148
119
381
96
88
62
125

48
42
122



59

64
125
94
101

77

38

179


187
122
123


134
123

64

71
58

76
59
63
47

64
130
31

64
93

126
52

38
96
32
45


64


63
392

57
49


293
30
90

54
266

61

76
199

46

37






111
50


162
70
114
126

213
162
99

64
45

136

315
181


197
279

155
48
39
279
53
30
62
281
341
27



160
25
52

62
62

63
320
63
249
61
268
130
84
64
70
