list of tasks by difficulty, as measured by vibes

improvable (easy)
029
036
122
184
213
254
319

improvable (worth it)
004
005
022
023
028
025
030
034
044
048
058
068
085
092
099
100
109
110
121
137
154/390
163
165
166
168
174
182
185
190
192
198
201
202
203
208 (regex?)
215
216
224
228
240
248
250
265
273
279
284
288
323
334
338
355
365
392

improvable (hard)
001
007
008
010
011
012
013
014
017
040
046
052
054
057
059
062
063
064
066
069
070
076
089
093
094
095
101
104
105
118
125
133
136
138
145
148
151
153
157
162
167
169
173
186
188
191
196
199
200
214
217
219
222
225
233
238
245
251
255
256
264
268
270
275
277
285
290
291
293
302
303
335
342
349
356
357
373
388

optimal (relatively)
002
003
006
009
015
016
018
020
021
024
027
031
032
033
035
037
038
039
041
042
043
045
047
049
050
051
053
055
056
060
061
065
067
071
072
073
074
075
077
078
079
080
081
082
083
084
086
087
090
091
096
097
098
102
103
106/194
108
111
112
113
114
115
116
117
119
120
088
123
124
126
127
128
129
130
131
132
134
135
139
140
141
142
143
144
146
147
149
150
152
155
156
158
159
160
161
164
170
171
172
175
176
177
178
179
180
181
187
189
193
195
197
204
205
206
207
209
210
211
212
218
220
221
226
227
229
230
231
232
234
235
236
237
239
241
243
244
242
246
247
249
252
253
257
258
260
261
262
263
266
267
269/289
271
272
276
278
280
281
282
283
286
287
292
294
295
296
297
298
299
300
301
304
305
306
307
308
309
310
311
312
313
314
315
316
317
320
321
322
325
326
328
329
330
331
332
333
336
337
339
340
341
343
344
345
346
347
348
350
351
352
353
354
358
359
360
361
362
363
364
366
367
368
369
370
371
372
374
375
376
377
381
382
383
384
385
386
391/393
394
395
396
397
398
399
400
107